994
38 39 1 500
111 140 1 500
211 252 1 500
357 434 1 500
54 76 2 500
98 141 2 500
364 402 2 500
430 445 2 500
480 494 2 500
2 49 3 500
60 142 3 500
199 302 3 500
324 363 3 500
57 156 5 500
202 353 5 500
433 488 5 500
379 446 6 500
54 102 8 500
186 251 8 500
259 464 8 500
25 110 9 500
211 284 9 500
313 477 9 500
66 275 10 500
300 416 10 500
70 346 11 500
76 312 12 500
366 439 13 500
7 97 14 500
101 251 14 500
270 289 14 500
408 467 14 500
319 350 15 500
188 320 16 500
9 22 17 500
169 420 17 500
6 31 18 500
56 149 18 500
364 365 18 500
138 449 19 500
453 477 19 500
68 132 20 500
175 319 20 500
94 99 21 500
157 191 21 500
279 341 21 500
128 190 23 500
75 140 24 500
183 469 24 500
100 117 25 500
142 307 25 500
349 434 25 500
189 307 26 500
96 198 28 500
205 267 28 500
330 370 28 500
6 324 29 500
348 386 29 500
413 430 29 500
220 461 30 500
50 170 31 500
38 81 32 500
212 267 32 500
275 340 32 500
81 122 33 500
136 236 33 500
155 282 34 500
305 390 34 500
494 494 34 500
6 93 35 500
116 156 35 500
184 214 35 500
271 300 35 500
393 423 35 500
135 230 36 500
332 457 36 500
8 292 37 500
57 437 38 500
56 158 39 500
269 426 39 500
10 155 40 500
207 353 40 500
386 411 40 500
494 494 40 500
134 338 41 500
369 481 41 500
30 163 43 500
377 401 43 500
35 114 44 500
396 447 44 500
241 304 45 500
379 446 45 500
18 33 47 500
53 63 47 500
203 210 47 500
40 74 49 500
98 117 49 500
390 419 49 500
443 492 49 500
28 191 50 500
372 394 50 500
21 80 52 500
123 129 52 500
368 385 52 500
140 188 53 500
286 362 53 500
400 417 53 500
16 119 54 500
178 293 56 500
295 349 56 500
375 402 56 500
33 285 58 500
304 359 58 500
21 80 59 500
142 232 59 500
341 446 59 500
32 83 60 500
116 263 60 500
266 297 60 500
339 357 60 500
395 488 60 500
16 88 61 500
129 207 61 500
310 356 61 500
374 412 61 500
14 77 63 500
99 102 63 500
108 189 63 500
239 269 63 500
294 382 63 500
412 493 63 500
43 104 64 500
310 335 64 500
420 456 64 500
22 146 65 500
362 473 65 500
26 492 67 500
125 339 68 500
389 444 68 500
75 179 69 500
186 209 70 500
252 269 70 500
272 279 70 500
330 338 70 500
23 153 71 500
2 176 72 500
216 233 72 500
425 477 72 500
492 499 72 500
74 133 73 500
145 153 73 500
180 338 73 500
420 434 73 500
50 195 74 500
212 416 74 500
48 162 75 500
178 361 77 500
127 136 78 500
146 166 78 500
392 438 78 500
184 269 80 500
394 412 80 500
22 146 81 500
170 221 81 500
75 154 82 500
231 493 82 500
195 499 83 500
18 82 84 500
246 424 84 500
210 333 85 500
374 442 85 500
264 371 87 500
388 433 87 500
334 348 88 500
446 463 88 500
79 153 89 500
41 75 90 500
92 128 90 500
181 203 90 500
259 290 90 500
328 395 90 500
41 179 91 500
363 437 91 500
268 274 92 500
216 262 93 500
193 376 94 500
17 24 95 500
285 426 95 500
241 318 96 500
330 446 96 500
237 280 97 500
33 130 98 500
142 321 98 500
51 259 99 500
267 268 99 500
310 399 99 500
341 446 100 500
207 357 101 500
78 84 102 500
108 181 102 500
326 419 102 500
13 34 103 500
43 70 103 500
103 181 103 500
184 266 103 500
316 357 103 500
434 468 103 500
190 414 104 500
34 95 105 500
152 215 105 500
232 308 105 500
133 231 106 500
235 254 106 500
11 28 107 500
37 63 107 500
203 290 107 500
344 440 107 500
119 302 108 500
89 415 109 500
146 225 110 500
264 289 110 500
94 188 111 500
195 278 111 500
347 394 111 500
425 477 111 500
34 132 112 500
152 177 112 500
241 313 112 500
327 382 112 500
22 133 113 500
155 304 113 500
393 406 113 500
112 230 114 500
490 493 114 500
59 86 115 500
286 399 115 500
160 234 116 500
362 473 116 500
4 81 117 500
282 447 117 500
21 175 118 500
280 286 118 500
134 406 119 500
428 445 119 500
34 93 120 500
192 200 120 500
279 442 120 500
279 359 121 500
46 241 122 500
6 300 123 500
133 137 124 500
178 254 124 500
38 289 125 500
408 493 125 500
8 104 126 500
219 226 126 500
310 397 126 500
115 278 127 500
340 356 127 500
360 377 127 500
396 442 127 500
473 487 127 500
47 240 128 500
6 240 129 500
271 324 129 500
407 433 129 500
9 11 131 500
96 214 131 500
237 261 131 500
35 447 132 500
37 75 133 500
145 197 133 500
206 327 133 500
164 178 135 500
181 243 135 500
351 415 135 500
50 177 136 500
242 380 136 500
32 338 137 500
8 17 138 500
110 245 138 500
273 322 138 500
332 332 138 500
31 222 139 500
37 59 140 500
145 189 140 500
225 233 140 500
329 429 140 500
433 437 140 500
80 235 141 500
291 414 141 500
30 181 142 500
218 286 142 500
326 353 142 500
436 486 142 500
36 64 143 500
199 352 144 500
98 353 145 500
425 492 145 500
50 142 146 500
134 274 147 500
371 385 147 500
406 443 147 500
446 494 147 500
15 379 148 500
9 11 149 500
193 288 153 500
16 96 154 500
120 400 154 500
420 456 154 500
233 387 155 500
26 88 156 500
131 152 156 500
317 415 156 500
439 454 156 500
9 87 157 500
311 327 157 500
330 497 157 500
98 116 158 500
152 242 158 500
360 449 158 500
453 488 158 500
8 43 159 500
56 126 159 500
229 268 159 500
329 407 159 500
50 174 161 500
178 413 161 500
9 269 162 500
363 437 162 500
62 157 164 500
235 491 164 500
225 243 165 500
309 327 165 500
145 153 166 500
184 214 166 500
327 382 167 500
27 347 168 500
5 32 169 500
286 416 169 500
64 141 170 500
349 413 170 500
9 28 171 500
192 211 171 500
215 233 171 500
363 371 171 500
54 151 172 500
166 299 172 500
80 96 173 500
354 488 173 500
9 237 175 500
270 298 175 500
395 462 175 500
7 404 176 500
18 33 177 500
112 489 177 500
26 76 178 500
98 126 178 500
163 194 178 500
242 380 178 500
493 498 178 500
32 58 179 500
87 149 179 500
368 385 179 500
150 183 180 500
189 412 180 500
269 308 181 500
328 368 181 500
378 500 181 500
6 55 182 500
186 338 182 500
333 394 184 500
54 299 185 500
348 423 185 500
127 184 187 500
385 391 187 500
37 85 188 500
187 278 188 500
333 453 188 500
193 288 191 500
484 491 191 500
55 271 192 500
357 373 192 500
443 472 192 500
28 71 193 500
80 326 193 500
374 394 193 500
51 268 194 500
319 446 194 500
21 80 195 500
433 437 195 500
67 414 196 500
50 211 197 500
287 470 197 500
179 350 198 500
8 23 199 500
44 263 199 500
344 386 199 500
388 435 199 500
44 84 200 500
137 228 200 500
241 304 200 500
319 328 200 500
379 386 200 500
23 53 201 500
154 301 201 500
75 232 202 500
347 389 202 500
453 499 202 500
97 163 203 500
176 188 203 500
336 394 203 500
468 476 203 500
38 172 204 500
354 358 204 500
396 434 204 500
59 131 205 500
216 262 205 500
310 349 205 500
409 462 205 500
100 102 206 500
121 185 206 500
299 307 206 500
462 462 206 500
122 168 207 500
76 312 208 500
60 71 209 500
156 323 209 500
57 60 210 500
83 230 210 500
271 312 210 500
391 424 210 500
478 494 210 500
9 28 211 500
327 445 211 500
3 84 212 500
387 394 212 500
182 183 213 500
199 204 215 500
225 236 215 500
281 429 215 500
86 332 216 500
407 479 216 500
69 79 217 500
202 390 217 500
415 432 217 500
98 329 218 500
31 222 219 500
65 347 220 500
27 219 221 500
269 347 221 500
4 20 223 500
63 269 223 500
280 297 223 500
309 406 223 500
59 125 224 500
179 352 224 500
15 163 225 500
202 243 225 500
295 349 226 500
66 416 227 500
37 152 228 500
378 487 228 500
138 152 230 500
428 437 230 500
439 477 230 500
10 88 231 500
117 128 231 500
74 179 232 500
208 309 232 500
318 408 232 500
127 209 233 500
219 333 233 500
376 498 233 500
190 468 234 500
30 75 235 500
150 158 235 500
189 292 235 500
377 432 235 500
46 241 236 500
317 328 236 500
105 128 238 500
158 169 238 500
235 302 238 500
321 361 238 500
379 380 238 500
413 484 238 500
26 130 239 500
148 240 241 500
264 265 241 500
270 329 241 500
345 393 241 500
31 161 242 500
438 477 242 500
33 133 243 500
161 280 243 500
329 364 243 500
87 129 244 500
175 189 244 500
402 413 244 500
415 488 244 500
37 290 245 500
11 28 246 500
1 115 247 500
289 309 247 500
176 198 248 500
287 302 248 500
92 203 249 500
313 498 249 500
24 343 251 500
38 66 252 500
212 414 252 500
48 431 254 500
272 279 255 500
5 8 256 500
48 132 256 500
163 175 256 500
320 327 256 500
344 416 256 500
418 472 256 500
173 353 257 500
152 188 258 500
236 274 258 500
308 367 258 500
399 490 258 500
4 219 260 500
270 461 260 500
13 15 261 500
41 70 261 500
72 91 261 500
133 231 261 500
327 373 261 500
468 476 261 500
77 159 263 500
179 187 263 500
353 420 263 500
55 129 266 500
102 377 267 500
457 500 267 500
119 302 268 500
306 475 268 500
387 435 269 500
403 479 270 500
43 209 271 500
229 308 271 500
316 329 271 500
349 406 271 500
155 162 272 500
164 314 272 500
364 365 272 500
402 457 272 500
81 292 273 500
322 357 273 500
403 458 273 500
85 385 274 500
422 439 274 500
5 8 277 500
48 69 277 500
122 126 277 500
169 234 277 500
255 312 277 500
347 355 277 500
408 498 277 500
200 214 278 500
234 356 278 500
465 500 278 500
37 189 279 500
303 320 279 500
14 230 281 500
303 333 281 500
390 445 281 500
47 240 282 500
14 87 284 500
150 188 284 500
232 302 284 500
377 382 284 500
348 430 285 500
79 153 286 500
354 360 286 500
40 84 287 500
349 419 287 500
443 481 287 500
75 137 290 500
155 254 290 500
40 279 291 500
327 356 291 500
44 263 292 500
5 47 293 500
252 258 293 500
270 293 293 500
309 421 293 500
145 158 294 500
206 224 294 500
244 292 294 500
33 280 295 500
84 394 297 500
2 65 298 500
105 107 298 500
304 363 298 500
432 481 298 500
138 427 299 500
287 341 300 500
156 261 301 500
287 385 301 500
388 431 301 500
15 93 302 500
109 191 302 500
319 361 302 500
445 488 302 500
354 435 303 500
49 421 305 500
440 486 305 500
38 104 307 500
207 235 307 500
434 484 307 500
287 341 308 500
10 56 309 500
157 163 309 500
336 353 309 500
220 225 310 500
264 268 310 500
171 233 311 500
312 374 311 500
181 237 312 500
240 292 312 500
294 357 312 500
375 392 312 500
395 415 312 500
430 488 313 500
272 328 314 500
132 462 315 500
272 328 316 500
327 445 317 500
7 404 318 500
82 198 319 500
282 352 319 500
192 341 320 500
30 232 321 500
287 361 321 500
413 452 321 500
98 242 323 500
6 96 324 500
116 218 324 500
301 445 324 500
454 482 324 500
54 392 325 500
465 491 325 500
97 101 326 500
280 300 326 500
327 456 326 500
155 314 327 500
388 402 327 500
9 117 328 500
173 372 328 500
44 87 329 500
171 263 329 500
344 376 329 500
406 406 329 500
137 176 330 500
216 363 330 500
379 427 330 500
271 406 332 500
446 453 332 500
134 328 333 500
188 320 334 500
287 339 335 500
443 470 335 500
138 201 336 500
170 380 337 500
388 402 337 500
34 115 338 500
201 327 338 500
143 158 340 500
281 367 340 500
392 426 340 500
464 490 340 500
217 316 341 500
344 370 341 500
386 417 341 500
68 174 342 500
364 416 342 500
428 435 342 500
37 71 343 500
198 214 343 500
262 348 343 500
428 445 343 500
6 218 344 500
1 1 345 500
3 142 345 500
148 233 345 500
281 288 345 500
345 348 345 500
395 463 345 500
15 379 346 500
44 93 347 500
136 191 347 500
237 318 347 500
445 488 348 500
43 130 349 500
322 335 349 500
37 297 350 500
312 374 350 500
454 488 350 500
38 235 351 500
304 431 351 500
100 274 352 500
279 474 352 500
202 207 353 500
247 317 353 500
163 353 355 500
425 457 355 500
50 53 356 500
171 187 356 500
421 429 356 500
2 74 357 500
141 186 357 500
279 481 357 500
57 240 358 500
269 310 358 500
330 368 358 500
434 493 358 500
310 399 359 500
260 266 360 500
282 315 360 500
376 380 360 500
168 202 361 500
41 129 362 500
180 256 362 500
349 481 362 500
229 348 363 500
209 230 364 500
271 426 364 500
145 282 365 500
296 493 365 500
123 231 366 500
85 177 367 500
386 402 367 500
37 152 368 500
211 267 368 500
125 218 370 500
376 444 370 500
49 112 371 500
121 461 371 500
97 165 372 500
176 311 372 500
344 405 372 500
63 115 373 500
298 482 373 500
57 176 374 500
181 395 374 500
444 493 374 500
152 235 375 500
17 217 376 500
240 365 376 500
393 439 376 500
27 87 378 500
334 497 378 500
27 37 379 500
348 493 379 500
116 309 380 500
372 433 380 500
363 417 381 500
323 331 382 500
21 22 383 500
29 63 383 500
79 129 383 500
200 274 383 500
464 474 383 500
214 232 384 500
249 259 384 500
23 53 385 500
64 74 385 500
80 96 385 500
302 374 385 500
27 75 386 500
348 432 386 500
183 469 387 500
80 80 388 500
322 373 388 500
14 27 389 500
63 206 389 500
259 290 389 500
316 389 389 500
392 429 389 500
489 494 389 500
55 129 390 500
232 302 390 500
282 315 392 500
27 333 393 500
303 344 394 500
64 142 396 500
150 211 396 500
363 413 396 500
218 486 397 500
79 230 398 500
303 463 398 500
143 194 399 500
275 398 399 500
2 391 400 500
464 481 400 500
128 190 401 500
9 74 402 500
375 427 402 500
29 199 403 500
357 412 403 500
135 137 404 500
150 188 404 500
303 344 404 500
458 477 404 500
59 125 405 500
146 384 405 500
399 438 405 500
129 203 406 500
306 475 406 500
9 34 407 500
219 266 407 500
304 427 407 500
385 398 408 500
271 303 409 500
360 423 409 500
87 283 410 500
348 488 410 500
116 117 411 500
141 214 411 500
253 359 411 500
393 488 411 500
66 73 412 500
96 107 412 500
309 416 412 500
421 435 412 500
216 231 413 500
74 109 414 500
273 420 414 500
22 267 415 500
371 392 415 500
75 149 417 500
180 216 417 500
282 316 417 500
223 256 418 500
23 420 419 500
130 162 420 500
195 401 420 500
8 56 421 500
140 188 421 500
293 325 421 500
7 100 422 500
117 151 422 500
370 478 422 500
17 217 423 500
10 101 424 500
117 136 424 500
167 178 424 500
317 328 424 500
373 465 424 500
116 229 425 500
241 313 425 500
358 491 425 500
497 499 425 500
82 97 426 500
389 467 426 500
99 238 427 500
359 395 427 500
48 58 428 500
309 349 428 500
422 431 428 500
138 201 429 500
57 115 430 500
118 133 430 500
173 325 430 500
328 405 430 500
97 400 433 500
31 161 434 500
62 151 436 500
161 165 436 500
365 402 436 500
459 491 436 500
6 201 437 500
234 246 437 500
329 438 437 500
226 287 438 500
4 241 439 500
28 62 440 500
260 286 440 500
70 403 441 500
9 131 442 500
142 174 442 500
233 355 442 500
376 380 442 500
171 406 443 500
233 274 445 500
344 387 445 500
444 452 445 500
15 177 446 500
249 259 446 500
319 361 446 500
6 170 447 500
234 438 447 500
98 329 449 500
348 423 449 500
340 473 450 500
70 131 451 500
175 403 451 500
10 104 452 500
355 481 452 500
143 194 453 500
96 273 454 500
324 325 454 500
330 469 454 500
211 267 455 500
129 343 456 500
379 452 456 500
8 8 457 500
55 56 457 500
61 168 457 500
227 259 457 500
272 286 457 500
49 486 458 500
230 496 459 500
196 416 460 500
465 500 460 500
9 261 462 500
373 387 462 500
118 175 463 500
215 472 463 500
150 169 464 500
222 490 464 500
287 431 465 500
209 426 466 500
36 64 467 500
236 290 467 500
340 388 467 500
370 478 468 500
60 144 469 500
160 234 469 500
319 350 469 500
143 149 470 500
179 372 470 500
145 207 471 500
296 309 471 500
393 491 471 500
109 361 472 500
102 149 473 500
282 353 473 500
361 465 473 500
72 145 474 500
290 348 474 500
4 14 475 500
123 201 475 500
232 241 475 500
484 491 475 500
316 391 476 500
4 32 478 500
142 447 478 500
82 340 479 500
274 283 481 500
324 325 481 500
348 469 481 500
185 222 482 500
257 384 482 500
77 159 484 500
166 311 484 500
193 343 485 500
377 440 485 500
317 368 486 500
455 481 486 500
10 354 487 500
82 388 488 500
92 203 489 500
333 394 489 500
443 477 490 500
130 230 491 500
257 331 491 500
276 299 492 500
168 176 493 500
203 218 493 500
398 443 493 500
200 213 494 500
226 232 494 500
288 356 494 500
96 236 495 500
49 112 496 500
142 363 496 500
69 218 497 500
304 339 497 500
391 473 497 500
8 52 498 500
192 210 498 500
333 477 498 500
57 64 499 500
348 386 499 500
407 412 499 500
438 479 499 500
17 71 500 500
156 426 500 500
