1831
19 38 1 1
57 74 1 1
19 28 2 2
33 38 2 2
51 54 2 2
57 61 2 2
75 95 2 2
19 28 3 3
33 38 3 3
51 54 3 3
57 61 3 3
75 95 3 3
18 18 4 4
29 32 4 4
47 50 4 4
55 56 4 4
61 61 4 4
69 74 4 4
77 95 4 4
14 17 5 5
19 28 5 5
33 46 5 5
51 54 5 5
57 60 5 5
62 68 5 5
72 74 5 5
77 95 5 5
14 17 6 6
19 28 6 6
33 38 6 6
47 50 6 6
55 56 6 6
62 68 6 6
72 74 6 6
77 95 6 6
14 17 7 7
19 28 7 7
33 36 7 7
39 46 7 7
51 51 7 7
55 56 7 7
62 68 7 7
72 74 7 7
77 95 7 7
14 17 8 8
19 24 8 8
29 32 8 8
37 38 8 8
47 50 8 8
52 54 8 8
57 61 8 8
69 71 8 8
75 76 8 8
91 95 8 8
4 8 9 9
14 17 9 9
19 21 9 9
25 28 9 9
33 36 9 9
42 46 9 9
51 51 9 9
55 56 9 9
62 68 9 9
72 74 9 9
77 86 9 9
92 95 9 9
1 3 10 10
9 13 10 10
18 18 10 10
20 21 10 10
25 28 10 10
33 36 10 10
42 50 10 10
52 54 10 10
57 61 10 10
69 71 10 10
75 76 10 10
78 86 10 10
92 95 10 10
1 3 11 11
7 8 11 11
14 18 11 11
20 21 11 11
29 32 11 11
42 50 11 11
55 56 11 11
61 61 11 11
64 68 11 11
72 74 11 11
77 77 11 11
87 90 11 11
92 95 11 11
1 3 12 12
7 8 12 12
14 18 12 12
20 21 12 12
29 32 12 12
39 41 12 12
51 54 12 12
57 60 12 12
62 62 12 12
64 68 12 12
72 74 12 12
77 77 12 12
84 86 12 12
89 90 12 12
92 95 12 12
1 3 13 13
7 8 13 13
14 18 13 13
20 21 13 13
28 28 13 13
33 38 13 13
42 50 13 13
55 56 13 13
61 61 13 13
64 68 13 13
72 74 13 13
77 77 13 13
84 86 13 13
89 90 13 13
92 95 13 13
1 3 14 14
7 8 14 14
14 18 14 14
20 21 14 14
28 28 14 14
33 38 14 14
42 50 14 14
54 54 14 14
57 60 14 14
62 63 14 14
69 71 14 14
75 76 14 14
78 83 14 14
87 88 14 14
91 91 14 14
96 100 14 14
1 3 15 15
7 8 15 15
14 18 15 15
20 21 15 15
28 28 15 15
33 38 15 15
42 50 15 15
54 54 15 15
57 60 15 15
62 63 15 15
69 71 15 15
75 76 15 15
78 83 15 15
87 88 15 15
91 91 15 15
96 100 15 15
1 3 16 16
7 8 16 16
14 16 16 16
19 19 16 16
22 24 16 16
29 29 16 16
33 38 16 16
42 50 16 16
54 54 16 16
57 60 16 16
62 63 16 16
69 70 16 16
72 74 16 16
77 77 16 16
81 83 16 16
87 88 16 16
91 91 16 16
96 100 16 16
1 3 17 17
7 8 17 17
14 16 17 17
19 19 17 17
22 24 17 17
29 29 17 17
33 33 17 17
39 41 17 17
51 53 17 17
55 56 17 17
62 63 17 17
67 68 17 17
71 71 17 17
73 74 17 17
77 77 17 17
84 85 17 17
87 88 17 17
91 91 17 17
96 100 17 17
1 3 18 18
7 8 18 18
14 16 18 18
19 19 18 18
22 24 18 18
29 29 18 18
33 38 18 18
42 50 18 18
54 54 18 18
62 63 18 18
67 68 18 18
71 71 18 18
73 74 18 18
77 77 18 18
84 85 18 18
87 88 18 18
91 91 18 18
96 100 18 18
1 3 19 19
7 7 19 19
9 13 19 19
17 18 19 19
20 21 19 19
25 28 19 19
30 32 19 19
37 38 19 19
42 49 19 19
51 51 19 19
54 54 19 19
62 63 19 19
67 68 19 19
71 71 19 19
73 74 19 19
77 77 19 19
86 86 19 19
91 91 19 19
96 100 19 19
1 3 20 20
7 7 20 20
9 13 20 20
17 18 20 20
20 21 20 20
25 28 20 20
30 32 20 20
37 38 20 20
42 49 20 20
51 51 20 20
54 54 20 20
64 66 20 20
69 70 20 20
72 72 20 20
75 76 20 20
78 80 20 20
86 86 20 20
91 91 20 20
96 100 20 20
1 6 21 21
8 8 21 21
13 13 21 21
17 19 21 21
22 24 21 21
29 29 21 21
31 32 21 21
37 41 21 21
45 49 21 21
51 51 21 21
55 61 21 21
64 66 21 21
71 71 21 21
73 74 21 21
77 77 21 21
80 80 21 21
86 86 21 21
91 91 21 21
96 100 21 21
1 6 22 22
8 8 22 22
13 13 22 22
17 18 22 22
20 21 22 22
25 28 22 22
30 30 22 22
33 33 22 22
37 38 22 22
42 44 22 22
50 50 22 22
52 54 22 22
61 61 22 22
64 66 22 22
71 71 22 22
73 74 22 22
77 77 22 22
80 80 22 22
86 86 22 22
91 91 22 22
96 100 22 22
1 3 23 23
7 7 23 23
9 12 23 23
14 16 23 23
19 19 23 23
22 23 23 23
25 28 23 23
30 30 23 23
32 32 23 23
34 36 23 23
39 41 23 23
43 44 23 23
47 47 23 23
50 50 23 23
52 54 23 23
61 61 23 23
64 66 23 23
71 71 23 23
73 74 23 23
77 77 23 23
80 80 23 23
86 86 23 23
91 91 23 23
96 100 23 23
1 3 24 24
7 7 24 24
9 12 24 24
14 16 24 24
19 19 24 24
22 23 24 24
25 28 24 24
30 30 24 24
32 32 24 24
34 36 24 24
39 40 24 24
42 42 24 24
45 46 24 24
48 49 24 24
51 51 24 24
55 60 24 24
62 63 24 24
67 71 24 24
73 74 24 24
77 77 24 24
80 80 24 24
86 86 24 24
91 91 24 24
96 100 24 24
1 3 25 25
7 7 25 25
9 12 25 25
14 18 25 25
20 23 25 25
25 28 25 25
30 30 25 25
32 32 25 25
34 36 25 25
39 40 25 25
42 42 25 25
45 46 25 25
48 48 25 25
50 50 25 25
52 54 25 25
61 63 25 25
67 70 25 25
72 72 25 25
75 76 25 25
78 79 25 25
86 86 25 25
91 91 25 25
96 100 25 25
1 3 26 26
7 7 26 26
9 12 26 26
14 14 26 26
19 19 26 26
24 24 26 26
29 30 26 26
32 32 26 26
34 36 26 26
41 41 26 26
43 44 26 26
47 47 26 26
49 50 26 26
52 54 26 26
61 63 26 26
67 70 26 26
72 72 26 26
75 76 26 26
78 79 26 26
81 85 26 26
87 89 26 26
91 91 26 26
93 95 26 26
100 100 26 26
1 3 27 27
7 7 27 27
9 12 27 27
14 14 27 27
19 19 27 27
24 24 27 27
26 28 27 27
31 31 27 27
33 33 27 27
37 40 27 27
42 42 27 27
45 46 27 27
48 48 27 27
51 51 27 27
55 60 27 27
64 65 27 27
67 70 27 27
72 72 27 27
75 77 27 27
80 80 27 27
82 85 27 27
87 89 27 27
91 91 27 27
93 95 27 27
100 100 27 27
1 3 28 28
7 7 28 28
9 12 28 28
15 15 28 28
19 19 28 28
24 24 28 28
26 30 28 28
32 32 28 28
34 36 28 28
39 40 28 28
43 46 28 28
49 49 28 28
51 51 28 28
55 60 28 28
64 65 28 28
67 70 28 28
73 74 28 28
78 79 28 28
81 81 28 28
86 89 28 28
91 91 28 28
93 95 28 28
100 100 28 28
1 3 29 29
7 7 29 29
9 10 29 29
13 14 29 29
16 18 29 29
20 23 29 29
25 25 29 29
31 31 29 29
33 33 29 29
37 38 29 29
40 40 29 29
43 46 29 29
49 50 29 29
52 53 29 29
55 59 29 29
61 63 29 29
66 66 29 29
71 72 29 29
75 79 29 29
81 81 29 29
86 89 29 29
91 91 29 29
93 95 29 29
100 100 29 29
1 3 30 30
7 7 30 30
9 12 30 30
15 15 30 30
19 19 30 30
24 24 30 30
26 28 30 30
31 31 30 30
34 36 30 30
39 39 30 30
41 42 30 30
47 48 30 30
52 53 30 30
55 59 30 30
61 63 30 30
66 66 30 30
71 72 30 30
75 79 30 30
81 81 30 30
86 89 30 30
91 91 30 30
93 95 30 30
100 100 30 30
4 6 31 31
8 8 31 31
13 15 31 31
19 19 31 31
24 24 31 31
26 28 31 31
31 31 31 31
34 36 31 31
39 39 31 31
41 42 31 31
47 48 31 31
52 53 31 31
55 59 31 31
61 63 31 31
66 66 31 31
71 72 31 31
75 79 31 31
81 81 31 31
86 89 31 31
91 91 31 31
93 95 31 31
100 100 31 31
4 6 32 32
8 8 32 32
13 15 32 32
19 19 32 32
24 24 32 32
26 28 32 32
31 31 32 32
34 36 32 32
39 39 32 32
41 42 32 32
47 48 32 32
52 53 32 32
55 59 32 32
61 63 32 32
66 66 32 32
71 72 32 32
75 79 32 32
81 81 32 32
86 89 32 32
91 91 32 32
93 95 32 32
100 100 32 32
1 3 33 33
7 7 33 33
9 12 33 33
16 18 33 33
20 23 33 33
25 25 33 33
31 31 33 33
34 36 33 33
39 40 33 33
43 43 33 33
47 48 33 33
52 53 33 33
55 59 33 33
61 63 33 33
66 66 33 33
71 72 33 33
75 76 33 33
80 80 33 33
82 85 33 33
87 89 33 33
91 91 33 33
93 95 33 33
100 100 33 33
1 3 34 34
7 7 34 34
9 12 34 34
16 18 34 34
20 23 34 34
25 25 34 34
31 31 34 34
34 36 34 34
41 42 34 34
44 46 34 34
49 51 34 34
54 54 34 34
60 60 34 34
63 63 34 34
66 66 34 34
71 72 34 34
75 75 34 34
77 79 34 34
81 81 34 34
86 86 34 34
90 90 34 34
92 92 34 34
96 97 34 34
100 100 34 34
1 3 35 35
7 7 35 35
9 12 35 35
16 18 35 35
20 23 35 35
25 25 35 35
31 31 35 35
34 36 35 35
43 43 35 35
47 48 35 35
50 50 35 35
52 53 35 35
60 60 35 35
63 63 35 35
65 65 35 35
67 70 35 35
73 74 35 35
76 76 35 35
80 80 35 35
82 85 35 35
87 89 35 35
91 91 35 35
93 95 35 35
98 100 35 35
1 3 36 36
7 7 36 36
9 12 36 36
16 18 36 36
20 23 36 36
25 25 36 36
31 31 36 36
34 36 36 36
42 42 36 36
44 46 36 36
49 49 36 36
51 51 36 36
54 59 36 36
61 62 36 36
65 65 36 36
67 70 36 36
73 74 36 36
76 76 36 36
79 79 36 36
81 81 36 36
83 85 36 36
87 89 36 36
91 91 36 36
93 93 36 36
96 97 36 36
100 100 36 36
1 3 37 37
7 7 37 37
9 12 37 37
16 18 37 37
20 23 37 37
25 30 37 37
32 33 37 37
37 42 37 37
44 46 37 37
49 49 37 37
51 51 37 37
54 59 37 37
61 62 37 37
65 65 37 37
67 70 37 37
75 75 37 37
77 78 37 37
80 80 37 37
82 82 37 37
84 85 37 37
87 89 37 37
91 91 37 37
93 93 37 37
96 97 37 37
100 100 37 37
1 3 38 38
7 7 38 38
9 12 38 38
16 18 38 38
20 23 38 38
25 30 38 38
32 33 38 38
37 42 38 38
44 46 38 38
49 49 38 38
51 51 38 38
54 59 38 38
61 62 38 38
66 66 38 38
70 70 38 38
75 75 38 38
77 78 38 38
80 80 38 38
82 82 38 38
84 85 38 38
87 89 38 38
91 91 38 38
93 93 38 38
96 97 38 38
100 100 38 38
1 3 39 39
7 7 39 39
9 12 39 39
16 18 39 39
20 23 39 39
25 25 39 39
31 31 39 39
34 36 39 39
43 43 39 39
47 48 39 39
50 50 39 39
52 53 39 39
56 59 39 39
61 62 39 39
67 69 39 39
71 72 39 39
75 75 39 39
77 78 39 39
80 81 39 39
83 83 39 39
86 86 39 39
91 91 39 39
93 93 39 39
96 97 39 39
100 100 39 39
1 3 40 40
7 7 40 40
9 12 40 40
16 18 40 40
20 23 40 40
25 25 40 40
31 31 40 40
34 36 40 40
43 43 40 40
46 46 40 40
49 49 40 40
51 51 40 40
54 55 40 40
60 60 40 40
67 68 40 40
70 70 40 40
73 74 40 40
76 76 40 40
79 79 40 40
82 82 40 40
84 85 40 40
91 91 40 40
93 93 40 40
96 97 40 40
100 100 40 40
1 3 41 41
7 7 41 41
9 12 41 41
16 18 41 41
20 23 41 41
25 25 41 41
31 31 41 41
34 36 41 41
43 43 41 41
46 46 41 41
49 49 41 41
51 51 41 41
54 55 41 41
60 60 41 41
67 68 41 41
70 70 41 41
73 74 41 41
76 76 41 41
79 79 41 41
82 82 41 41
84 85 41 41
91 91 41 41
93 93 41 41
96 97 41 41
100 100 41 41
4 6 42 42
8 8 42 42
13 15 42 42
19 21 42 42
23 23 42 42
25 25 42 42
31 31 42 42
34 36 42 42
42 42 42 42
44 45 42 42
47 48 42 42
50 50 42 42
52 53 42 42
60 60 42 42
67 68 42 42
70 70 42 42
73 74 42 42
76 76 42 42
79 79 42 42
82 82 42 42
84 85 42 42
90 90 42 42
92 92 42 42
94 97 42 42
100 100 42 42
4 6 43 43
8 8 43 43
13 15 43 43
19 21 43 43
23 23 43 43
25 25 43 43
31 33 43 43
37 41 43 43
43 43 43 43
46 48 43 43
50 50 43 43
52 53 43 43
60 60 43 43
67 68 43 43
70 70 43 43
73 74 43 43
76 76 43 43
79 79 43 43
82 82 43 43
84 85 43 43
90 90 43 43
92 92 43 43
94 97 43 43
100 100 43 43
4 7 44 44
9 10 44 44
13 18 44 44
23 23 44 44
25 25 44 44
31 33 44 44
37 37 44 44
42 42 44 44
44 45 44 44
49 49 44 44
51 51 44 44
54 59 44 44
61 66 44 44
69 69 44 44
71 74 44 44
76 76 44 44
79 79 44 44
82 83 44 44
86 90 44 44
92 92 44 44
94 97 44 44
100 100 44 44
4 7 45 45
9 10 45 45
13 18 45 45
23 23 45 45
25 25 45 45
31 33 45 45
37 37 45 45
42 42 45 45
44 45 45 45
49 49 45 45
51 51 45 45
60 60 45 45
67 68 45 45
70 70 45 45
75 75 45 45
79 79 45 45
82 83 45 45
86 90 45 45
92 92 45 45
94 97 45 45
100 100 45 45
4 7 46 46
9 10 46 46
13 18 46 46
23 23 46 46
25 25 46 46
31 33 46 46
37 37 46 46
42 42 46 46
44 45 46 46
49 49 46 46
51 51 46 46
60 60 46 46
67 68 46 46
70 70 46 46
75 75 46 46
79 79 46 46
82 83 46 46
86 90 46 46
92 92 46 46
94 97 46 46
100 100 46 46
4 7 47 47
9 10 47 47
13 18 47 47
23 23 47 47
25 25 47 47
28 30 47 47
34 36 47 47
38 41 47 47
43 43 47 47
46 48 47 47
50 50 47 47
52 59 47 47
61 66 47 47
69 69 47 47
71 74 47 47
76 78 47 47
80 80 47 47
82 83 47 47
86 90 47 47
92 92 47 47
94 97 47 47
100 100 47 47
4 6 48 48
8 8 48 48
11 12 48 48
19 22 48 48
24 24 48 48
26 27 48 48
31 33 48 48
37 37 48 48
42 42 48 48
44 45 48 48
49 49 48 48
51 51 48 48
60 66 48 48
69 69 48 48
71 74 48 48
76 78 48 48
80 80 48 48
82 83 48 48
86 90 48 48
92 92 48 48
94 97 48 48
100 100 48 48
1 3 49 49
7 7 49 49
9 12 49 49
15 18 49 49
22 22 49 49
24 24 49 49
26 27 49 49
31 33 49 49
37 37 49 49
42 42 49 49
44 45 49 49
49 49 49 49
51 51 49 49
60 66 49 49
70 70 49 49
75 75 49 49
79 79 49 49
81 81 49 49
84 85 49 49
90 90 49 49
92 92 49 49
94 97 49 49
100 100 49 49
1 3 50 50
7 7 50 50
9 12 50 50
15 18 50 50
22 22 50 50
24 24 50 50
26 27 50 50
31 33 50 50
37 37 50 50
42 42 50 50
44 45 50 50
49 49 50 50
51 51 50 50
60 66 50 50
70 70 50 50
75 75 50 50
79 79 50 50
81 81 50 50
84 85 50 50
90 90 50 50
92 92 50 50
94 97 50 50
100 100 50 50
1 3 51 51
7 7 51 51
9 12 51 51
15 18 51 51
22 22 51 51
24 24 51 51
26 30 51 51
34 36 51 51
38 41 51 51
43 43 51 51
46 48 51 51
50 50 51 51
52 59 51 51
63 66 51 51
70 70 51 51
75 75 51 51
79 79 51 51
81 81 51 51
84 85 51 51
90 90 51 51
92 92 51 51
94 97 51 51
100 100 51 51
1 3 52 52
7 7 52 52
9 12 52 52
15 18 52 52
22 22 52 52
24 24 52 52
26 27 52 52
31 33 52 52
36 36 52 52
38 41 52 52
43 43 52 52
46 48 52 52
50 50 52 52
52 59 52 52
63 66 52 52
70 70 52 52
75 75 52 52
79 79 52 52
81 81 52 52
84 85 52 52
90 90 52 52
92 92 52 52
94 97 52 52
100 100 52 52
1 3 53 53
7 7 53 53
9 12 53 53
15 18 53 53
22 22 53 53
24 24 53 53
26 27 53 53
31 33 53 53
36 36 53 53
38 41 53 53
43 43 53 53
45 45 53 53
49 49 53 53
51 51 53 53
60 62 53 53
67 69 53 53
76 78 53 53
80 80 53 53
82 85 53 53
90 90 53 53
92 92 53 53
94 95 53 53
98 100 53 53
1 3 54 54
7 7 54 54
9 12 54 54
15 18 54 54
22 22 54 54
24 24 54 54
26 27 54 54
31 33 54 54
36 36 54 54
38 38 54 54
42 42 54 54
44 44 54 54
46 48 54 54
50 50 54 54
52 59 54 54
61 62 54 54
67 69 54 54
76 78 54 54
80 80 54 54
82 85 54 54
90 90 54 54
92 92 54 54
94 95 54 54
98 100 54 54
1 6 55 55
8 8 55 55
13 14 55 55
19 21 55 55
23 23 55 55
25 25 55 55
28 30 55 55
34 35 55 55
37 37 55 55
42 42 55 55
44 45 55 55
49 49 55 55
51 51 55 55
54 59 55 55
61 62 55 55
67 69 55 55
76 78 55 55
80 80 55 55
82 85 55 55
90 90 55 55
92 92 55 55
94 95 55 55
98 100 55 55
1 6 56 56
8 8 56 56
13 14 56 56
19 21 56 56
23 23 56 56
25 25 56 56
27 27 56 56
31 32 56 56
36 37 56 56
42 42 56 56
46 48 56 56
50 50 56 56
52 53 56 56
57 59 56 56
61 62 56 56
64 64 56 56
67 69 56 56
76 78 56 56
80 80 56 56
82 83 56 56
86 89 56 56
91 91 56 56
93 93 56 56
98 100 56 56
1 6 57 57
8 8 57 57
13 14 57 57
19 21 57 57
23 23 57 57
26 26 57 57
28 30 57 57
33 35 57 57
38 39 57 57
42 42 57 57
46 48 57 57
51 51 57 57
54 56 57 57
60 60 57 57
63 63 57 57
65 66 57 57
70 75 57 57
77 78 57 57
80 80 57 57
82 83 57 57
86 89 57 57
91 91 57 57
93 93 57 57
98 100 57 57
1 6 58 58
8 12 58 58
15 18 58 58
22 22 58 58
24 25 58 58
27 27 58 58
31 35 58 58
38 39 58 58
42 42 58 58
45 45 58 58
49 49 58 58
51 51 58 58
54 56 58 58
60 60 58 58
63 63 58 58
67 69 58 58
76 76 58 58
79 79 58 58
81 81 58 58
84 85 58 58
90 90 58 58
93 93 58 58
98 100 58 58
1 6 59 59
8 12 59 59
15 18 59 59
22 22 59 59
24 25 59 59
27 27 59 59
31 35 59 59
38 39 59 59
42 42 59 59
45 45 59 59
49 49 59 59
51 51 59 59
54 56 59 59
60 60 59 59
63 63 59 59
67 69 59 59
76 76 59 59
79 79 59 59
81 81 59 59
84 85 59 59
90 90 59 59
93 93 59 59
98 100 59 59
1 6 60 60
8 12 60 60
15 18 60 60
22 22 60 60
24 25 60 60
27 27 60 60
31 35 60 60
38 39 60 60
42 42 60 60
45 45 60 60
49 49 60 60
51 51 60 60
54 56 60 60
60 60 60 60
63 63 60 60
67 69 60 60
77 78 60 60
80 80 60 60
82 83 60 60
86 89 60 60
91 92 60 60
94 100 60 60
1 3 61 61
7 7 61 61
13 14 61 61
19 21 61 61
24 25 61 61
27 27 61 61
31 35 61 61
38 38 61 61
40 41 61 61
43 44 61 61
46 47 61 61
49 49 61 61
51 51 61 61
54 56 61 61
60 60 61 61
62 62 61 61
64 66 61 61
69 69 61 61
75 78 61 61
80 80 61 61
82 83 61 61
86 89 61 61
91 92 61 61
94 100 61 61
1 3 62 62
7 7 62 62
13 14 62 62
19 21 62 62
24 25 62 62
27 27 62 62
31 35 62 62
38 38 62 62
40 41 62 62
43 44 62 62
46 47 62 62
49 49 62 62
51 51 62 62
54 59 62 62
61 61 62 62
63 63 62 62
67 68 62 62
70 78 62 62
80 80 62 62
82 83 62 62
86 89 62 62
91 92 62 62
94 100 62 62
1 3 63 63
7 7 63 63
13 14 63 63
19 21 63 63
24 24 63 63
26 26 63 63
28 30 63 63
36 37 63 63
39 39 63 63
42 42 63 63
45 45 63 63
48 48 63 63
50 50 63 63
52 53 63 63
60 60 63 63
62 62 63 63
64 68 63 63
70 73 63 63
79 79 63 63
81 81 63 63
84 89 63 63
91 92 63 63
94 96 63 63
100 100 63 63
1 3 64 64
8 12 64 64
15 21 64 64
24 24 64 64
26 26 64 64
28 30 64 64
36 37 64 64
39 39 64 64
42 42 64 64
45 45 64 64
49 50 64 64
52 59 64 64
61 62 64 64
64 64 64 64
69 69 64 64
74 76 64 64
79 79 64 64
81 81 64 64
84 90 64 64
93 93 64 64
97 100 64 64
1 3 65 65
8 12 65 65
15 21 65 65
24 24 65 65
26 26 65 65
28 30 65 65
36 37 65 65
39 39 65 65
42 42 65 65
45 45 65 65
49 50 65 65
52 59 65 65
61 62 65 65
64 64 65 65
69 69 65 65
74 76 65 65
79 79 65 65
81 81 65 65
84 90 65 65
93 93 65 65
97 100 65 65
1 3 66 66
8 10 66 66
13 14 66 66
22 23 66 66
25 25 66 66
27 27 66 66
31 35 66 66
38 38 66 66
40 41 66 66
43 44 66 66
46 48 66 66
51 51 66 66
60 60 66 66
63 63 66 66
65 68 66 66
70 73 66 66
77 78 66 66
80 80 66 66
82 83 66 66
91 92 66 66
94 96 66 66
1 3 67 67
8 10 67 67
13 14 67 67
19 21 67 67
24 24 67 67
26 26 67 67
28 30 67 67
36 37 67 67
39 39 67 67
41 41 67 67
43 44 67 67
46 48 67 67
51 51 67 67
60 60 67 67
63 63 67 67
65 68 67 67
70 73 67 67
77 78 67 67
80 80 67 67
82 83 67 67
91 92 67 67
94 96 67 67
1 3 68 68
8 10 68 68
13 14 68 68
19 21 68 68
24 24 68 68
26 26 68 68
28 30 68 68
36 37 68 68
39 39 68 68
41 41 68 68
43 44 68 68
46 48 68 68
51 51 68 68
60 60 68 68
63 63 68 68
65 68 68 68
70 73 68 68
79 79 68 68
81 83 68 68
91 92 68 68
94 96 68 68
1 3 69 69
8 10 69 69
13 14 69 69
19 21 69 69
24 24 69 69
26 26 69 69
28 30 69 69
36 37 69 69
39 39 69 69
41 41 69 69
43 44 69 69
46 48 69 69
51 51 69 69
60 60 69 69
63 63 69 69
65 68 69 69
70 73 69 69
75 78 69 69
80 80 69 69
84 89 69 69
91 92 69 69
94 96 69 69
1 3 70 70
8 10 70 70
13 14 70 70
19 21 70 70
24 24 70 70
26 26 70 70
28 30 70 70
36 37 70 70
39 39 70 70
41 41 70 70
43 44 70 70
46 48 70 70
51 51 70 70
60 60 70 70
63 63 70 70
65 68 70 70
70 73 70 70
75 78 70 70
80 80 70 70
84 89 70 70
91 92 70 70
94 96 70 70
1 3 71 71
8 10 71 71
13 14 71 71
19 21 71 71
24 24 71 71
26 26 71 71
28 30 71 71
36 37 71 71
39 39 71 71
41 41 71 71
43 44 71 71
46 48 71 71
51 51 71 71
60 60 71 71
63 63 71 71
65 65 71 71
69 69 71 71
71 73 71 71
75 78 71 71
80 80 71 71
84 89 71 71
91 92 71 71
94 96 71 71
1 3 72 72
8 10 72 72
13 14 72 72
19 21 72 72
24 24 72 72
26 26 72 72
28 35 72 72
38 38 72 72
40 40 72 72
43 44 72 72
46 48 72 72
51 51 72 72
60 60 72 72
63 63 72 72
66 68 72 72
71 73 72 72
75 78 72 72
80 80 72 72
84 86 72 72
90 90 72 72
93 93 72 72
97 99 72 72
1 3 73 73
8 10 73 73
13 14 73 73
19 21 73 73
24 24 73 73
26 26 73 73
28 35 73 73
38 38 73 73
40 40 73 73
43 44 73 73
46 48 73 73
51 51 73 73
60 60 73 73
63 63 73 73
66 68 73 73
71 73 73 73
75 78 73 73
80 80 73 73
84 86 73 73
90 90 73 73
93 93 73 73
97 99 73 73
1 3 74 74
7 10 74 74
15 18 74 74
22 23 74 74
25 25 74 74
27 27 74 74
35 35 74 74
38 38 74 74
40 40 74 74
43 44 74 74
46 48 74 74
50 50 74 74
52 59 74 74
61 62 74 74
64 65 74 74
69 70 74 74
74 74 74 74
79 80 74 74
84 86 74 74
90 90 74 74
93 93 74 74
97 97 74 74
1 3 75 75
11 14 75 75
19 21 75 75
24 25 75 75
27 27 75 75
35 35 75 75
38 39 75 75
41 42 75 75
45 45 75 75
47 48 75 75
51 51 75 75
54 59 75 75
63 63 75 75
66 68 75 75
74 78 75 75
81 82 75 75
84 86 75 75
90 90 75 75
93 96 75 75
98 100 75 75
1 3 76 76
11 14 76 76
19 21 76 76
24 25 76 76
27 27 76 76
35 35 76 76
38 39 76 76
41 42 76 76
45 45 76 76
47 48 76 76
51 51 76 76
54 59 76 76
63 63 76 76
66 68 76 76
74 78 76 76
81 82 76 76
84 86 76 76
90 90 76 76
93 96 76 76
98 100 76 76
1 3 77 77
11 14 77 77
19 21 77 77
24 25 77 77
27 27 77 77
35 35 77 77
38 39 77 77
41 42 77 77
45 45 77 77
47 48 77 77
51 51 77 77
54 59 77 77
63 63 77 77
66 68 77 77
74 78 77 77
81 82 77 77
84 86 77 77
90 90 77 77
93 96 77 77
98 100 77 77
1 3 78 78
11 14 78 78
19 21 78 78
24 25 78 78
27 27 78 78
35 35 78 78
38 39 78 78
41 42 78 78
45 45 78 78
47 48 78 78
51 51 78 78
60 62 78 78
64 65 78 78
69 73 78 78
78 78 78 78
81 82 78 78
84 86 78 78
90 90 78 78
93 96 78 78
98 100 78 78
1 3 79 79
11 14 79 79
19 21 79 79
24 25 79 79
27 27 79 79
35 35 79 79
38 39 79 79
41 42 79 79
45 45 79 79
47 48 79 79
51 51 79 79
60 62 79 79
64 65 79 79
69 73 79 79
78 78 79 79
81 82 79 79
84 86 79 79
90 90 79 79
93 96 79 79
98 100 79 79
1 10 80 80
15 18 80 80
22 23 80 80
26 26 80 80
28 34 80 80
36 37 80 80
39 39 80 80
41 42 80 80
45 45 80 80
47 48 80 80
51 51 80 80
60 62 80 80
64 65 80 80
69 73 80 80
78 78 80 80
81 82 80 80
84 86 80 80
90 90 80 80
93 96 80 80
98 100 80 80
1 10 81 81
15 18 81 81
22 23 81 81
26 26 81 81
28 34 81 81
36 37 81 81
39 39 81 81
41 42 81 81
45 45 81 81
47 48 81 81
51 51 81 81
60 62 81 81
64 65 81 81
69 73 81 81
78 78 81 81
81 82 81 81
84 86 81 81
90 90 81 81
93 96 81 81
98 100 81 81
1 10 82 82
15 18 82 82
24 25 82 82
27 27 82 82
36 37 82 82
39 39 82 82
41 42 82 82
45 45 82 82
47 50 82 82
52 59 82 82
63 63 82 82
66 68 82 82
74 77 82 82
79 80 82 82
83 83 82 82
87 89 82 82
91 92 82 82
97 100 82 82
1 3 83 83
11 14 83 83
19 23 83 83
26 26 83 83
28 28 83 83
36 37 83 83
39 39 83 83
41 42 83 83
45 45 83 83
47 50 83 83
52 59 83 83
63 63 83 83
66 68 83 83
74 77 83 83
79 80 83 83
83 83 83 83
87 89 83 83
91 92 83 83
97 100 83 83
1 3 84 84
15 18 84 84
24 25 84 84
27 27 84 84
29 35 84 84
38 38 84 84
41 42 84 84
45 45 84 84
47 50 84 84
52 59 84 84
63 63 84 84
66 68 84 84
74 77 84 84
79 80 84 84
83 83 84 84
87 89 84 84
91 92 84 84
97 100 84 84
1 10 85 85
15 18 85 85
24 25 85 85
27 27 85 85
36 37 85 85
39 40 85 85
43 44 85 85
46 50 85 85
52 59 85 85
63 63 85 85
66 73 85 85
79 80 85 85
83 83 85 85
87 90 85 85
97 100 85 85
1 10 86 86
15 18 86 86
26 26 86 86
28 35 86 86
38 38 86 86
41 44 86 86
46 50 86 86
52 59 86 86
63 65 86 86
73 73 86 86
81 82 86 86
87 90 86 86
97 100 86 86
1 10 87 87
15 18 87 87
26 27 87 87
36 37 87 87
39 40 87 87
44 44 87 87
46 50 87 87
52 59 87 87
63 65 87 87
73 73 87 87
81 82 87 87
87 90 87 87
97 100 87 87
1 10 88 88
15 25 88 88
28 35 88 88
38 38 88 88
44 44 88 88
46 50 88 88
52 59 88 88
63 65 88 88
73 73 88 88
81 82 88 88
87 90 88 88
97 100 88 88
1 10 89 89
15 24 89 89
28 35 89 89
38 38 89 89
42 43 89 89
45 45 89 89
51 51 89 89
60 62 89 89
66 72 89 89
74 80 89 89
83 86 89 89
91 100 89 89
1 10 90 90
15 15 90 90
25 27 90 90
36 37 90 90
39 43 90 90
45 45 90 90
51 51 90 90
60 62 90 90
66 72 90 90
74 80 90 90
83 86 90 90
91 100 90 90
1 3 91 91
7 15 91 91
25 27 91 91
36 37 91 91
44 44 91 91
46 49 91 91
52 62 91 91
66 73 91 91
81 82 91 91
87 90 91 91
1 3 92 92
7 15 92 92
36 37 92 92
44 44 92 92
46 49 92 92
62 62 92 92
66 73 92 92
81 82 92 92
87 90 92 92
1 3 93 93
7 13 93 93
16 35 93 93
38 43 93 93
45 45 93 93
50 61 93 93
63 65 93 93
72 73 93 93
81 82 93 93
87 90 93 93
1 3 94 94
7 13 94 94
16 35 94 94
38 43 94 94
45 45 94 94
50 61 94 94
63 65 94 94
72 73 94 94
81 82 94 94
87 90 94 94
1 3 95 95
7 13 95 95
16 35 95 95
44 44 95 95
46 49 95 95
62 62 95 95
66 71 95 95
74 80 95 95
87 90 95 95
1 3 96 96
7 15 96 96
36 43 96 96
45 45 96 96
50 61 96 96
63 65 96 96
74 80 96 96
87 90 96 96
1 3 97 97
16 35 97 97
44 44 97 97
46 49 97 97
63 65 97 97
74 80 97 97
87 90 97 97
45 45 98 98
63 65 98 98
87 90 98 98
45 45 99 99
63 70 99 99
45 45 100 100
63 70 100 100
