194
15 24 3 3
27 36 3 3
15 24 4 4
27 36 4 4
15 24 5 5
27 36 5 5
3 4 6 6
7 7 6 6
25 26 6 6
35 36 6 6
3 4 7 7
7 24 7 7
27 33 7 7
35 36 7 7
3 4 8 8
7 24 8 8
27 33 8 8
35 36 8 8
3 4 9 9
7 17 9 9
25 26 9 9
31 33 9 9
35 36 9 9
5 17 10 10
25 26 10 10
31 33 10 10
35 36 10 10
5 17 11 11
25 26 11 11
31 33 11 11
35 36 11 11
5 17 12 12
25 26 12 12
31 33 12 12
35 36 12 12
5 5 13 13
18 21 13 13
25 26 13 13
31 33 13 13
35 36 13 13
5 5 14 14
18 18 14 14
22 22 14 14
25 26 14 14
31 33 14 14
35 39 14 14
3 4 15 15
6 6 15 15
18 18 15 15
22 22 15 15
25 25 15 15
27 33 15 15
35 39 15 15
2 2 16 16
5 5 16 16
7 17 16 16
19 19 16 16
22 22 16 16
25 25 16 16
27 33 16 16
35 39 16 16
5 6 17 17
15 17 17 17
19 19 17 17
23 24 17 17
26 26 17 17
34 39 17 17
3 4 18 18
15 17 18 18
19 19 18 18
23 24 18 18
26 26 18 18
34 39 18 18
3 8 19 19
15 17 19 19
19 22 19 19
25 25 19 19
27 30 19 19
34 39 19 19
3 8 20 20
15 17 20 20
19 22 20 20
25 25 20 20
27 30 20 20
34 39 20 20
3 8 21 21
15 17 21 21
19 21 21 21
23 24 21 21
26 26 21 21
31 39 21 21
3 8 22 22
15 17 22 22
19 21 22 22
23 24 22 22
26 30 22 22
37 39 22 22
3 8 23 23
18 18 23 23
22 22 23 23
26 30 23 23
37 39 23 23
3 7 24 24
9 17 24 24
19 21 24 24
23 25 24 24
31 33 24 24
37 39 24 24
3 7 25 25
9 17 25 25
19 21 25 25
23 25 25 25
31 33 25 25
37 39 25 25
3 7 26 26
9 17 26 26
19 21 26 26
23 25 26 26
31 33 26 26
37 39 26 26
3 5 27 27
8 18 27 27
23 25 27 27
31 33 27 27
37 39 27 27
3 5 28 28
8 17 28 28
19 22 28 28
26 33 28 28
37 39 28 28
2 2 29 29
6 7 29 29
9 12 29 29
16 17 29 29
20 22 29 29
25 33 29 29
35 36 29 29
2 2 30 30
6 7 30 30
9 12 30 30
16 17 30 30
20 22 30 30
25 33 30 30
35 36 30 30
2 2 31 31
6 7 31 31
9 12 31 31
16 17 31 31
20 22 31 31
25 33 31 31
35 36 31 31
2 2 32 32
6 7 32 32
9 15 32 32
18 19 32 32
22 23 32 32
25 33 32 32
35 39 32 32
2 2 33 33
6 7 33 33
9 15 33 33
18 19 33 33
22 23 33 33
25 33 33 33
35 39 33 33
2 2 34 34
6 7 34 34
9 15 34 34
18 19 34 34
22 23 34 34
25 33 34 34
35 39 34 34
2 2 35 35
6 7 35 35
9 15 35 35
18 19 35 35
22 24 35 35
34 34 35 35
2 2 36 36
6 7 36 36
16 17 36 36
20 24 36 36
33 34 36 36
2 4 37 37
16 17 37 37
20 24 37 37
33 34 37 37
3 4 38 38
9 15 38 38
18 23 38 38
3 15 39 39
24 30 39 39
3 15 40 40
24 25 40 40
