998
1 1549 1 2000
237 1994 6 2000
1796 1983 9 2000
358 1983 10 2000
1050 1800 11 2000
1984 1994 11 2000
820 922 15 2000
373 1994 17 2000
27 1994 20 2000
199 1994 21 2000
612 1983 22 2000
1410 1994 25 2000
347 1776 28 2000
1848 1943 28 2000
78 587 29 2000
1984 1994 29 2000
1819 1983 31 2000
603 1994 34 2000
259 1983 35 2000
3 1994 39 2000
831 1983 40 2000
1307 1983 42 2000
1461 1994 43 2000
1906 1983 47 2000
495 1994 49 2000
791 1994 50 2000
1164 1994 52 2000
1134 1196 53 2000
1295 1983 53 2000
428 1994 56 2000
305 1983 61 2000
1648 1654 63 2000
748 1983 65 2000
1862 1994 66 2000
1727 1994 67 2000
364 669 69 2000
1984 1994 69 2000
749 1641 70 2000
1421 1994 71 2000
1374 1983 73 2000
1528 1994 75 2000
471 1549 78 2000
1197 1983 81 2000
575 1994 85 2000
1650 1994 89 2000
1452 1994 91 2000
1683 1994 93 2000
539 1568 94 2000
1984 1994 94 2000
320 1994 95 2000
1073 1994 97 2000
1650 1994 100 2000
1071 1983 101 2000
1705 1994 103 2000
1583 1983 105 2000
849 1994 107 2000
334 1994 109 2000
574 1495 114 2000
1348 1440 117 2000
1984 1994 117 2000
1420 1983 118 2000
205 1994 119 2000
106 1994 123 2000
186 1419 125 2000
1832 1994 127 2000
790 1994 128 2000
494 1994 132 2000
250 671 133 2000
817 932 133 2000
1984 1994 133 2000
1960 1994 135 2000
874 1553 139 2000
1984 1994 139 2000
246 1994 141 2000
1823 1994 142 2000
635 1010 144 2000
1984 1994 144 2000
1087 1994 145 2000
447 1994 152 2000
85 209 153 2000
1984 1994 153 2000
753 1009 154 2000
550 1983 155 2000
661 1994 158 2000
1089 1994 161 2000
715 1994 162 2000
819 1739 164 2000
1984 1994 164 2000
1776 1994 166 2000
1770 1994 171 2000
1057 1983 175 2000
1545 1994 188 2000
177 1994 189 2000
857 1994 193 2000
295 1994 196 2000
298 1983 197 2000
1189 1994 203 2000
390 1201 208 2000
1102 1994 209 2000
41 1994 211 2000
1539 1994 212 2000
281 1994 213 2000
920 1994 220 2000
853 1994 221 2000
206 1983 228 2000
1629 1994 230 2000
333 1983 234 2000
224 1994 236 2000
1890 1994 237 2000
50 1797 239 2000
786 1469 240 2000
1984 1994 240 2000
409 1983 242 2000
1945 1983 244 2000
791 1983 247 2000
316 1532 249 2000
1984 1994 249 2000
424 1886 250 2000
1984 1994 250 2000
1473 1994 251 2000
858 962 252 2000
1688 1994 255 2000
777 1983 256 2000
607 947 268 2000
1984 1994 268 2000
668 1476 269 2000
825 1055 274 2000
1294 1994 274 2000
1958 1994 275 2000
705 1545 280 2000
1003 1983 284 2000
734 1983 285 2000
831 1994 286 2000
636 1994 288 2000
888 1293 291 2000
637 1994 292 2000
729 1994 295 2000
1757 1994 296 2000
935 1983 297 2000
1028 1994 299 2000
938 1994 300 2000
785 836 301 2000
1659 1983 301 2000
487 851 302 2000
1984 1994 302 2000
1402 1994 303 2000
1312 1612 304 2000
854 1646 306 2000
1610 1983 307 2000
435 845 310 2000
1984 1994 310 2000
666 1983 313 2000
833 1994 317 2000
1732 1994 318 2000
1376 1994 325 2000
774 1983 329 2000
415 1994 330 2000
421 1695 333 2000
1984 1994 333 2000
957 1983 336 2000
1597 1994 337 2000
356 1994 343 2000
242 1983 344 2000
883 1994 346 2000
481 1006 347 2000
1984 1994 347 2000
71 1994 350 2000
656 1983 352 2000
1751 1994 353 2000
941 1994 358 2000
518 1994 363 2000
378 611 364 2000
1109 1994 365 2000
514 1196 372 2000
1059 1290 373 2000
1984 1994 373 2000
3 1994 376 2000
856 1819 379 2000
1335 1983 382 2000
394 1983 388 2000
1593 1994 389 2000
1610 1983 391 2000
187 1994 393 2000
546 1983 396 2000
1583 1847 398 2000
384 1329 400 2000
1984 1994 400 2000
676 1994 401 2000
119 1594 404 2000
916 1994 405 2000
710 1626 407 2000
1984 1994 407 2000
21 1994 408 2000
191 1549 411 2000
1 1549 412 2000
1196 1983 413 2000
1681 1983 414 2000
1802 1994 418 2000
790 1994 420 2000
309 1983 426 2000
622 1118 427 2000
780 1301 429 2000
1984 1994 429 2000
818 1983 430 2000
932 1983 432 2000
1693 1983 434 2000
1956 1994 435 2000
1043 1643 437 2000
1984 1994 437 2000
1149 1994 438 2000
330 1983 439 2000
1137 1994 440 2000
978 1994 441 2000
1131 1983 448 2000
1712 1994 450 2000
1237 1793 451 2000
289 1605 452 2000
1697 1983 454 2000
794 1960 456 2000
1984 1994 456 2000
1593 1994 457 2000
973 1122 458 2000
1984 1994 458 2000
934 1502 461 2000
1119 1994 462 2000
32 1746 465 2000
1984 1994 465 2000
448 1983 470 2000
1468 1983 472 2000
497 1994 474 2000
397 1983 475 2000
932 1994 477 2000
1774 1983 480 2000
982 1160 483 2000
1787 1983 483 2000
1880 1983 490 2000
1920 1983 494 2000
763 1994 496 2000
473 1983 497 2000
322 1994 501 2000
389 1158 502 2000
1984 1994 502 2000
1246 1994 508 2000
454 1994 511 2000
1202 1983 513 2000
1519 1994 515 2000
247 324 518 2000
1596 1780 519 2000
38 1983 521 2000
6 834 522 2000
1077 1748 522 2000
1324 1983 523 2000
140 1983 529 2000
1638 1983 530 2000
171 1994 532 2000
1058 1994 539 2000
1238 1983 540 2000
1993 1994 541 2000
249 1637 543 2000
331 1983 546 2000
1726 1878 547 2000
1984 1994 547 2000
52 1994 549 2000
255 1983 550 2000
755 1983 551 2000
50 1830 553 2000
1594 1983 556 2000
28 1983 557 2000
695 1650 564 2000
1848 1994 564 2000
14 708 565 2000
1399 1994 566 2000
173 1335 567 2000
1303 1994 568 2000
840 1994 570 2000
300 1983 571 2000
1076 1994 573 2000
946 1994 579 2000
1406 1994 582 2000
1052 1994 583 2000
344 1343 594 2000
1984 1994 594 2000
1528 1983 602 2000
776 1994 604 2000
1742 1983 609 2000
391 1994 610 2000
474 1983 611 2000
469 739 612 2000
1060 1994 615 2000
1544 1994 622 2000
456 1983 623 2000
432 1994 624 2000
258 1983 627 2000
1454 1838 628 2000
1984 1994 628 2000
577 985 632 2000
783 1994 635 2000
1179 1983 638 2000
167 1983 647 2000
469 1983 648 2000
97 1994 650 2000
373 1807 651 2000
1984 1994 651 2000
1097 1983 653 2000
264 1983 654 2000
418 1160 656 2000
1984 1994 656 2000
1264 1983 657 2000
308 1994 658 2000
1106 1542 659 2000
1984 1994 659 2000
341 1173 660 2000
1984 1994 660 2000
1812 1994 662 2000
1348 1983 664 2000
976 1026 676 2000
1984 1994 676 2000
1629 1983 677 2000
625 1219 679 2000
1984 1994 679 2000
1408 1994 685 2000
1471 1983 687 2000
1803 1994 688 2000
1297 1983 689 2000
288 1994 691 2000
1036 1983 693 2000
1503 1809 697 2000
1469 1983 699 2000
1382 1994 702 2000
266 1983 703 2000
1030 1194 704 2000
1614 1994 707 2000
195 1994 708 2000
1089 1294 709 2000
1712 1983 710 2000
1367 1983 718 2000
338 1983 719 2000
1558 1983 721 2000
1952 1983 722 2000
1753 1777 728 2000
804 1385 731 2000
1984 1994 731 2000
65 1994 736 2000
466 1395 737 2000
1984 1994 737 2000
28 1664 740 2000
1751 1994 743 2000
141 605 749 2000
1848 1994 749 2000
432 1284 750 2000
1984 1994 750 2000
467 1983 751 2000
1025 1994 754 2000
813 1889 755 2000
954 1072 758 2000
1684 1994 758 2000
697 1994 761 2000
440 1053 762 2000
1984 1994 762 2000
1543 1994 764 2000
1794 1994 767 2000
172 1060 768 2000
1550 1983 768 2000
793 1994 769 2000
1166 1983 775 2000
1571 1983 778 2000
252 1983 779 2000
1975 1994 783 2000
1139 1983 784 2000
1096 1994 786 2000
1906 1983 790 2000
711 1994 791 2000
1531 1983 793 2000
19 1983 794 2000
1222 1347 795 2000
1984 1994 795 2000
111 1994 796 2000
458 1994 800 2000
205 1847 803 2000
340 919 804 2000
1984 1994 804 2000
1441 1713 806 2000
55 1983 808 2000
837 1994 816 2000
120 1583 823 2000
1984 1994 823 2000
1961 1994 824 2000
1384 1994 830 2000
1535 1983 831 2000
790 1847 833 2000
1824 1983 835 2000
1650 1994 837 2000
1529 1983 838 2000
542 1983 841 2000
1975 1994 843 2000
624 636 847 2000
515 1994 851 2000
862 1549 856 2000
191 1549 857 2000
478 966 860 2000
1984 1994 860 2000
258 357 864 2000
572 1612 864 2000
1984 1994 864 2000
1275 1983 867 2000
364 1994 869 2000
1938 1994 870 2000
463 1983 871 2000
694 1983 873 2000
132 1994 874 2000
608 1983 876 2000
937 1994 877 2000
1810 1983 881 2000
1732 1983 882 2000
477 1185 885 2000
1504 1994 891 2000
1594 1634 894 2000
1984 1994 894 2000
1398 1994 896 2000
215 1994 897 2000
1697 1983 899 2000
1400 1994 903 2000
522 1994 908 2000
567 1549 910 2000
1984 1994 910 2000
584 1983 911 2000
1519 1983 912 2000
345 1994 914 2000
1546 1994 918 2000
766 1983 919 2000
756 1983 922 2000
1437 1983 927 2000
904 1994 929 2000
395 1064 930 2000
1984 1994 930 2000
291 1983 931 2000
1665 1994 933 2000
1500 1994 937 2000
96 614 938 2000
1984 1994 938 2000
1186 1231 939 2000
755 1983 940 2000
291 1605 941 2000
1984 1994 941 2000
1173 1994 943 2000
598 1772 948 2000
1054 1983 955 2000
1936 1983 960 2000
1344 1994 962 2000
63 1876 964 2000
164 705 965 2000
1984 1994 965 2000
1291 1983 966 2000
488 1983 967 2000
1284 1983 968 2000
386 1694 970 2000
1984 1994 970 2000
75 1009 973 2000
1984 1994 973 2000
7 72 975 2000
641 708 975 2000
1151 1994 976 2000
1734 1983 977 2000
1079 1994 978 2000
603 1994 979 2000
1692 1994 980 2000
478 1994 985 2000
1008 1987 986 2000
228 1994 987 2000
1015 1983 989 2000
1500 1994 992 2000
1567 1777 995 2000
327 1994 998 2000
1847 1994 999 2000
1895 1983 1001 2000
1392 1610 1008 2000
1984 1994 1008 2000
561 1983 1011 2000
100 1994 1012 2000
459 1994 1014 2000
190 1994 1017 2000
512 1994 1018 2000
403 1994 1019 2000
1549 1753 1020 2000
1097 1994 1021 2000
91 1983 1029 2000
495 818 1033 2000
1984 1994 1033 2000
571 1753 1040 2000
1956 1994 1041 2000
103 1994 1042 2000
174 1983 1044 2000
1640 1983 1045 2000
1303 1983 1046 2000
378 1994 1049 2000
924 1753 1052 2000
1984 1994 1052 2000
1711 1994 1062 2000
1229 1983 1066 2000
197 570 1067 2000
1506 1847 1067 2000
1984 1994 1067 2000
205 1983 1072 2000
653 1994 1074 2000
135 177 1076 2000
1984 1994 1076 2000
399 1983 1079 2000
510 1559 1081 2000
1014 1983 1082 2000
1548 1994 1083 2000
349 1983 1085 2000
446 1584 1086 2000
495 1035 1088 2000
1984 1994 1088 2000
393 1994 1091 2000
508 1994 1098 2000
184 1983 1101 2000
1489 1994 1102 2000
569 1994 1104 2000
511 1933 1105 2000
1984 1994 1105 2000
307 1216 1108 2000
1984 1994 1108 2000
1756 1765 1109 2000
1407 1983 1111 2000
1370 1983 1114 2000
1423 1994 1117 2000
1437 1994 1118 2000
415 1994 1119 2000
350 1983 1122 2000
67 536 1125 2000
1858 1983 1125 2000
214 1994 1126 2000
309 432 1129 2000
1984 1994 1129 2000
317 1624 1132 2000
262 1983 1133 2000
1022 1994 1134 2000
915 1983 1138 2000
707 1994 1139 2000
1643 1994 1140 2000
448 1994 1143 2000
1757 1983 1146 2000
1964 1994 1147 2000
1496 1983 1148 2000
1444 1994 1153 2000
1607 1983 1154 2000
517 1983 1158 2000
1838 1994 1159 2000
690 1846 1162 2000
726 1994 1164 2000
180 1983 1169 2000
1730 1994 1173 2000
841 1847 1177 2000
1984 1994 1177 2000
1163 1843 1181 2000
1361 1983 1182 2000
732 1847 1184 2000
856 1983 1191 2000
1012 1983 1193 2000
657 1983 1194 2000
760 1994 1195 2000
724 1983 1196 2000
1380 1994 1199 2000
1215 1994 1200 2000
240 1994 1201 2000
8 1049 1202 2000
1848 1994 1202 2000
1311 1983 1203 2000
1063 1309 1204 2000
109 956 1205 2000
400 1983 1207 2000
94 1994 1210 2000
608 1983 1211 2000
213 1994 1213 2000
383 1994 1214 2000
1466 1983 1215 2000
761 1994 1221 2000
1050 1994 1222 2000
1064 1983 1225 2000
459 1949 1227 2000
180 877 1229 2000
386 1983 1230 2000
1752 1983 1232 2000
1175 1437 1237 2000
1775 1777 1237 2000
1984 1994 1237 2000
172 470 1238 2000
571 747 1238 2000
862 1548 1238 2000
1550 1752 1238 2000
1778 1983 1238 2000
216 1994 1241 2000
823 1994 1244 2000
572 1994 1253 2000
1217 1994 1256 2000
1443 1983 1260 2000
336 735 1262 2000
1482 1994 1263 2000
1019 1994 1267 2000
1553 1994 1268 2000
1214 1740 1269 2000
1724 1983 1274 2000
961 1241 1275 2000
1984 1994 1275 2000
1844 1983 1280 2000
955 1994 1281 2000
362 1983 1285 2000
200 1983 1288 2000
381 1983 1289 2000
194 1994 1292 2000
1157 1994 1293 2000
108 1480 1298 2000
1984 1994 1298 2000
1983 1994 1301 2000
230 1983 1302 2000
292 457 1304 2000
1984 1994 1304 2000
60 1983 1308 2000
126 1994 1309 2000
460 1575 1310 2000
882 1049 1311 2000
934 1994 1312 2000
386 1983 1313 2000
1651 1994 1315 2000
1772 1994 1320 2000
1219 1807 1324 2000
1002 1983 1326 2000
278 1994 1328 2000
158 1182 1329 2000
1704 1994 1331 2000
1783 1994 1337 2000
173 1994 1339 2000
799 1994 1340 2000
151 1994 1341 2000
173 1994 1342 2000
351 1994 1343 2000
867 1278 1344 2000
1984 1994 1344 2000
828 1983 1346 2000
256 1994 1347 2000
561 1983 1349 2000
929 1994 1350 2000
1766 1994 1352 2000
633 1983 1355 2000
1443 1983 1356 2000
985 1983 1359 2000
910 1607 1360 2000
1984 1994 1360 2000
315 1983 1368 2000
554 1983 1372 2000
527 1983 1374 2000
195 1994 1377 2000
579 1983 1378 2000
1106 1546 1380 2000
1984 1994 1380 2000
1684 1994 1382 2000
589 1983 1384 2000
846 1983 1386 2000
191 1844 1388 2000
126 1994 1389 2000
492 1366 1392 2000
1502 1983 1395 2000
1493 1983 1397 2000
1207 1983 1398 2000
1922 1983 1399 2000
1190 1983 1405 2000
304 1994 1407 2000
1824 1994 1409 2000
1165 1994 1410 2000
339 1983 1412 2000
466 1220 1415 2000
1577 1777 1417 2000
327 1983 1420 2000
1326 1994 1424 2000
1211 1994 1427 2000
1471 1994 1430 2000
1970 1983 1431 2000
1578 1994 1435 2000
41 1698 1438 2000
1984 1994 1438 2000
631 1983 1444 2000
105 1994 1445 2000
381 1994 1448 2000
963 1983 1452 2000
1698 1994 1453 2000
507 1994 1456 2000
752 1842 1463 2000
1984 1994 1463 2000
321 1983 1470 2000
112 1983 1472 2000
187 1994 1478 2000
353 1983 1482 2000
917 1994 1484 2000
690 1983 1485 2000
1567 1994 1486 2000
1606 1994 1490 2000
1705 1994 1492 2000
458 1983 1493 2000
254 1983 1494 2000
1875 1983 1495 2000
504 1383 1497 2000
287 1983 1500 2000
1105 1994 1504 2000
249 1983 1505 2000
108 681 1511 2000
1085 1983 1511 2000
1317 1983 1515 2000
913 1994 1517 2000
673 1994 1519 2000
1006 1916 1521 2000
1984 1994 1521 2000
93 1994 1523 2000
499 1994 1524 2000
203 1983 1527 2000
1756 1983 1530 2000
964 1994 1532 2000
1867 1983 1534 2000
182 544 1535 2000
1499 1983 1539 2000
1811 1994 1546 2000
919 1994 1548 2000
707 1983 1549 2000
413 1994 1550 2000
1121 1994 1551 2000
1067 1983 1552 2000
217 1983 1554 2000
1862 1874 1564 2000
1935 1994 1564 2000
612 1994 1568 2000
610 1994 1571 2000
481 1983 1572 2000
526 1994 1574 2000
706 1994 1576 2000
56 1994 1584 2000
1305 1796 1592 2000
1480 1983 1593 2000
1246 1983 1594 2000
293 938 1601 2000
409 1994 1602 2000
382 1994 1604 2000
311 1983 1605 2000
50 1994 1608 2000
906 1441 1609 2000
1488 1983 1609 2000
1145 1994 1611 2000
862 1994 1612 2000
361 1983 1613 2000
53 1983 1614 2000
1589 1983 1619 2000
750 1838 1621 2000
1984 1994 1621 2000
1080 1994 1622 2000
203 907 1628 2000
1848 1994 1628 2000
1075 1983 1629 2000
716 1983 1631 2000
486 885 1632 2000
1738 1994 1632 2000
411 1994 1634 2000
72 592 1637 2000
302 1994 1638 2000
462 1983 1640 2000
75 1983 1645 2000
1506 1983 1646 2000
623 1994 1647 2000
1803 1994 1649 2000
1088 1983 1650 2000
710 1983 1651 2000
358 1983 1653 2000
1559 1994 1654 2000
1039 1994 1658 2000
25 1994 1661 2000
136 1983 1667 2000
261 1994 1674 2000
653 1983 1678 2000
100 1983 1680 2000
1145 1983 1681 2000
1395 1983 1683 2000
325 1994 1685 2000
1840 1983 1686 2000
929 1994 1689 2000
105 1983 1690 2000
880 1983 1691 2000
1475 1777 1692 2000
278 1994 1697 2000
985 1994 1699 2000
1506 1947 1700 2000
1984 1994 1700 2000
445 1174 1706 2000
1984 1994 1706 2000
822 1983 1707 2000
935 1994 1708 2000
80 876 1713 2000
1984 1994 1713 2000
1418 1994 1717 2000
668 1994 1719 2000
110 1994 1721 2000
392 1994 1722 2000
1007 1994 1723 2000
52 1994 1725 2000
1546 1983 1726 2000
1563 1983 1730 2000
185 1994 1732 2000
582 1994 1733 2000
1050 1994 1735 2000
620 1994 1736 2000
1129 1994 1743 2000
545 1983 1752 2000
1452 1983 1753 2000
1807 1994 1755 2000
1343 1994 1759 2000
1676 1994 1761 2000
65 959 1763 2000
1984 1994 1763 2000
1684 1994 1769 2000
1924 1994 1773 2000
752 1994 1775 2000
1880 1983 1777 2000
1591 1666 1780 2000
1984 1994 1780 2000
1771 1994 1783 2000
567 1983 1784 2000
420 777 1789 2000
399 1602 1791 2000
1809 1983 1791 2000
240 1983 1793 2000
624 1983 1795 2000
411 1994 1796 2000
1272 1994 1798 2000
801 1983 1799 2000
1573 1983 1800 2000
84 331 1801 2000
1385 1994 1801 2000
97 1994 1803 2000
1263 1994 1804 2000
250 1625 1805 2000
32 1994 1810 2000
1789 1983 1812 2000
392 1994 1814 2000
1978 1983 1820 2000
549 1983 1822 2000
750 1994 1823 2000
109 695 1825 2000
1984 1994 1825 2000
456 1983 1829 2000
187 1994 1831 2000
750 1983 1833 2000
1407 1983 1834 2000
122 1994 1837 2000
1148 1994 1844 2000
1336 1844 1845 2000
1984 1994 1845 2000
60 1983 1846 2000
1093 1983 1848 2000
1831 1994 1852 2000
1303 1994 1853 2000
1225 1994 1854 2000
1516 1983 1855 2000
935 1117 1856 2000
813 1994 1860 2000
198 1983 1865 2000
542 1994 1866 2000
459 1983 1868 2000
449 1383 1875 2000
1984 1994 1875 2000
1890 1983 1877 2000
1496 1994 1879 2000
1961 1983 1883 2000
747 1994 1888 2000
1192 1454 1889 2000
1053 1983 1890 2000
653 1994 1892 2000
1871 1983 1895 2000
545 1101 1898 2000
1984 1994 1898 2000
1074 1994 1899 2000
1093 1983 1902 2000
1298 1983 1904 2000
1789 1983 1908 2000
809 1994 1911 2000
1196 1983 1914 2000
1195 1994 1919 2000
29 515 1924 2000
1984 1994 1924 2000
1641 1983 1927 2000
263 1983 1928 2000
755 1983 1936 2000
1230 1994 1938 2000
1741 1983 1940 2000
75 140 1941 2000
167 196 1941 2000
203 241 1941 2000
258 291 1941 2000
488 503 1941 2000
549 694 1941 2000
732 789 1941 2000
1050 1101 1941 2000
1317 1383 1941 2000
1395 1419 1941 2000
1438 1442 1941 2000
1475 1505 1941 2000
1567 1576 1941 2000
1583 1605 1941 2000
1610 1772 1941 2000
1777 1807 1941 2000
1839 1846 1941 2000
197 1994 1945 2000
1621 1994 1946 2000
14 1983 1947 2000
175 1994 1948 2000
114 828 1949 2000
759 1983 1953 2000
857 1994 1955 2000
1359 1983 1958 2000
562 1983 1959 2000
479 1983 1963 2000
1290 1975 1964 2000
1984 1994 1964 2000
1696 1983 1965 2000
1089 1236 1967 2000
1984 1994 1967 2000
1064 1994 1969 2000
188 1983 1973 2000
708 1994 1983 2000
1892 1983 1987 2000
406 1994 1990 2000
461 1983 1991 2000
1131 1647 1997 2000
1984 1994 1997 2000
253 1983 1998 2000
41 74 1999 2000
91 135 1999 2000
140 173 1999 2000
180 187 1999 2000
217 229 1999 2000
249 249 1999 2000
258 258 1999 2000
262 265 1999 2000
291 299 1999 2000
307 308 1999 2000
317 332 1999 2000
361 361 1999 2000
386 388 1999 2000
435 439 1999 2000
448 455 1999 2000
461 466 1999 2000
473 473 1999 2000
477 486 1999 2000
495 515 1999 2000
527 549 1999 2000
554 566 1999 2000
584 587 1999 2000
598 606 1999 2000
608 611 1999 2000
622 623 1999 2000
625 630 1999 2000
637 640 1999 2000
740 749 1999 2000
755 765 1999 2000
817 818 1999 2000
828 830 1999 2000
854 881 1999 2000
886 931 1999 2000
957 1001 1999 2000
1014 1014 1999 2000
1036 1052 1999 2000
1054 1055 1999 2000
1057 1063 1999 2000
1071 1074 1999 2000
1085 1088 1999 2000
1097 1144 1999 2000
1166 1189 1999 2000
1192 1201 1999 2000
1214 1218 1999 2000
1222 1241 1999 2000
1246 1283 1999 2000
1291 1296 1999 2000
1305 1306 1999 2000
1324 1334 1999 2000
1336 1343 1999 2000
1361 1373 1999 2000
1384 1419 1999 2000
1443 1454 1999 2000
1469 1501 1999 2000
1506 1527 1999 2000
1531 1583 1999 2000
1594 1594 1999 2000
1640 1646 1999 2000
1659 1680 1999 2000
1732 1740 1999 2000
1756 1788 1999 2000
1798 1809 1999 2000
1819 1819 1999 2000
1824 1838 1999 2000
1840 1866 1999 2000
1871 1891 1999 2000
1906 1919 1999 2000
